C      0x2B 0x2C 0x2D 0x2E 0x2F    0x30 0x31 0x32 0x33
- LM    [0]  [3]  [2]  [1]  [0]     [3]  [2]  [1]  [0]
- KB    [2]  [1]  [0]  [3]  [2]     [1]  [0]  [3]  [2]  
- SM    [3]  [2]  [1]  [0]  [3]     [0]  [3]  [2]  [1]
- NM    [1]  [0]  [3]  [2]  [1]     [2]  [1]  [0]  [3]

OP
- LM   [1]  [0]  [6]  [5]  [4]     [4]  [3]  [2]  [1]
- AO   [0]  [6]  [5]  [?]  [3]     [6]  [5]  [4]  [3]
- KB   [5]  [4]  [3]  [2]  [1]     [2]  [1]  [0]  [6]  
- SM   [6]  [5]  [4]  [3]  [2]     [1]  [0]  [6]  [5]
- MM   [3]  [2]  [1]  [0]  [6]     [0]  [6]  [5]  [4]
- DC   [2]  [1]  [0]  [6]  [5]     [5]  [4]  [3]  [2]
- NM   [4]  [3]  [2]  [1]  [0]     [3]  [2]  [1]  [0]

CP
- LM   [5]  [4]  [3]  [2]  [1]     [5]  [4]  [3]  [2]
- AO   [6]  [5]  [4]  [3]  [2]     [3]  [2]  [1]  [0]
- KB   [3]  [2]  [1]  [0]  [6]     [0]  [6]  [5]  [4]
- SM   [2]  [1]  [0]  [6]  [5]     [2]  [1]  [0]  [6]
- MM   [1]  [0]  [6]  [5]  [?]     [6]  [5]  [4]  [3]
- DC   [0]  [6]  [5]  [4]  [3]     [1]  [0]  [6]  [5]
- NM   [4]  [3]  [2]  [1]  [0]     [4]  [3]  [2]  [1]

T
- LM   [2]  [1]  [0]  [3]  [2]     [0]  [3]  [2]  [1]
- KB   [0]  [3]  [2]  [1]  [0]     [2]  [1]  [0]  [3] 
- SM   [1]  [0]  [3]  [2]  [1]     [3]  [2]  [1]  [0]
- NM   [3]  [2]  [1]  [0]  [3]     [1]  [0]  [3]  [2]

SG
- LM   [1]  [0]  [4]  [3]  [2]     [1]  [0]  [4]  [3]
- AO   [2]  [1]  [0]  [4]  [3]     [4]  [3]  [2]  [1]
- KB   [3]  [2]  [1]  [0]  [4]     [3]  [2]  [1]  [0]
- SM   [0]  [4]  [3]  [2]  [1]     [2]  [1]  [0]  [4]
- NM   [4]  [3]  [2]  [1]  [?]     [0]  [4]  [3]  [2]

BR
- LM   [5]  [ ]  [ ]  [ ]  [ ]     [2]  [1]  [0]  [6] 
- KB   [1]  [0]  [6]  [5]  [4]     [0]  [6]  [5]  [4] 
- SM   [6]  [ ]  [ ]  [ ]  [ ]     [5]  [4]  [3]  [2] 
- NM   [2]  [1]  [0]  [6]  [5]     [3]  [2]  [1]  [0] 
- DC   [4]  [3]  [2]  [1]  [0]     [1]  [0]  [6]  [5] 
- MM   [3]  [2]  [1]  [0]  [6]     [4]  [3]  [2]  [1] 
- LO   [0]  [6]  [5]  [4]  [3]     [6]  [5]  [4]  [3] 

CBS
- LM   [3]  [2]  [1]  [0]  [3]     [1]  [0]  [3]  [2]
- KB   [1]  [0]  [3]  [2]  [1]     [3]  [2]  [1]  [0]
- SM   [2]  [1]  [0]  [3]  [2]     [0]  [3]  [2]  [1]
- NM   [0]  [3]  [2]  [1]  [0]     [2]  [1]  [0]  [3]

R
- DC   [2]  [1]  [0]  [2]  [1]     [0]  [2]  [1]  [0]
- MM   [0]  [2]  [?]  [0]  [2]     [1]  [0]  [2]  [1]
- LO   [1]  [0]  [2]  [1]  [0]     [2]  [1]  [0]  [2]