Preliminary View

     0x2B 0x2C 0x2D 0x2E 0x2F    0x30 0x31 0x32 0x33
LM 
C:    [0]  [3]  [2]  [1]  [0]     [3]  [2]  [1]  [0]
OP:   [1]  [0]  [6]  [5]  [4]     [4]  [3]  [2]  [1]
CP:   [5]  [4]  [3]  [2]  [1]     [5]  [4]  [3]  [2]
T:    [2]  [1]  [0]  [3]  [2]     [0]  [3]  [2]  [1]
SG:   [1]  [0]  [4]  [3]  [2]     [1]  [0]  [4]  [3]
BR:   [5]  [ ]  [ ]  [ ]  [ ]     [2]  [1]  [0]  [6] 
CBS:  [3]  [2]  [1]  [0]  [3]     [1]  [0]  [3]  [2]

KB
C:    [2]  [1]  [0]  [3]  [2]     [1]  [0]  [3]  [2]
OP:   [5]  [4]  [3]  [2]  [1]     [2]  [1]  [0]  [6]  
CP:   [3]  [2]  [1]  [0]  [6]     [0]  [6]  [5]  [4]
T:    [0]  [3]  [2]  [1]  [0]     [2]  [1]  [0]  [3] 
SG:   [3]  [2]  [1]  [0]  [4]     [3]  [2]  [1]  [0]
BR:   [1]  [0]  [6]  [5]  [4]     [0]  [6]  [5]  [4] 
CBS:  [1]  [0]  [3]  [2]  [1]     [3]  [2]  [1]  [0]

SM
C:    [3]  [2]  [1]  [0]  [3]     [0]  [3]  [2]  [1]
OP:   [6]  [5]  [4]  [3]  [2]     [1]  [0]  [6]  [5]
CP:   [2]  [1]  [0]  [6]  [5]     [2]  [1]  [0]  [6]
T:    [1]  [0]  [3]  [2]  [1]     [3]  [2]  [1]  [0]
SG:   [0]  [4]  [3]  [2]  [1]     [2]  [1]  [0]  [4]
BR:   [6]  [ ]  [ ]  [ ]  [ ]     [5]  [4]  [3]  [2] 
CBS:  [2]  [1]  [0]  [3]  [2]     [0]  [3]  [2]  [1]

NM
C:    [1]  [0]  [3]  [2]  [1]     [2]  [1]  [0]  [3]
OP:   [4]  [3]  [2]  [1]  [0]     [3]  [2]  [1]  [0]
CP:   [4]  [3]  [2]  [1]  [0]     [4]  [3]  [2]  [1]
T:    [3]  [2]  [1]  [0]  [3]     [1]  [0]  [3]  [2]
SG:   [4]  [3]  [2]  [1]  [?]     [0]  [4]  [3]  [2]
BR:   [2]  [1]  [0]  [6]  [5]     [3]  [2]  [1]  [0] 
CBS:  [0]  [3]  [2]  [1]  [0]     [2]  [1]  [0]  [3]